lastAccountName: Kavhes
timestamps:
  login: 1503920873583
  lastteleport: 1503921826699
  logout: 1503921918551
ipAddress: 25.95.119.52
lastlocation:
  world: world
  x: -0.5
  y: 17.618135549054436
  z: 112.5
  yaw: -41.400227
  pitch: 9.150004
logoutlocation:
  world: world
  x: -0.6114562476752381
  y: 5.0
  z: 112.6499989614332
  yaw: -3.000122
  pitch: 38.700016
