spawns: 
  default: 
    world: ServerHacks
    x: -197.7294606656019
    y: 67.0
    z: 256.46935525758215
    yaw: 88.13119
    pitch: -9.127952
