world: world
x: -0.6194271515780572
y: 5.0
z: 112.50653881787653
yaw: -359.25024
pitch: -10.6500025
name: Spawn
